# scenario pour evaluer l'attraction vers les plus grandes particules

56
0.500000 -15.750000 0.000000
-0.500000 -15.750000 0.000000
0.500000 15.750000 0.000000
-0.500000 15.750000 0.000000
2.000000 -15.000000 0.000000
-2.000000 -15.000000 0.000000
2.000000 15.000000 0.000000
-2.000000 15.000000 0.000000
3.500000 -14.250000 0.000000
-3.500000 -14.250000 0.000000
3.500000 14.250000 0.000000
-3.500000 14.250000 0.000000
5.000000 -13.500000 0.000000
-5.000000 -13.500000 0.000000
5.000000 13.500000 0.000000
-5.000000 13.500000 0.000000
6.500000 -12.750000 0.000000
-6.500000 -12.750000 0.000000
6.500000 12.750000 0.000000
-6.500000 12.750000 0.000000
8.000000 -12.000000 0.000000
-8.000000 -12.000000 0.000000
8.000000 12.000000 0.000000
-8.000000 12.000000 0.000000
9.500000 -11.250000 0.000000
-9.500000 -11.250000 0.000000
9.500000 11.250000 0.000000
-9.500000 11.250000 0.000000
11.000000 -10.500000 0.000000
-11.000000 -10.500000 0.000000
11.000000 10.500000 0.000000
-11.000000 10.500000 0.000000
12.500000 -9.750000 0.000000
-12.500000 -9.750000 0.000000
12.500000 9.750000 0.000000
-12.500000 9.750000 0.000000
14.000000 -9.000000 0.000000
-14.000000 -9.000000 0.000000
14.000000 9.000000 0.000000
-14.000000 9.000000 0.000000
15.500000 -8.250000 0.000000
-15.500000 -8.250000 0.000000
15.500000 8.250000 0.000000
-15.500000 8.250000 0.000000
17.000000 -7.500000 0.000000
-17.000000 -7.500000 0.000000
17.000000 7.500000 0.000000
-17.000000 7.500000 0.000000
18.500000 -6.750000 0.000000
-18.500000 -6.750000 0.000000
18.500000 6.750000 0.000000
-18.500000 6.750000 0.000000
20.000000 -6.000000 0.000000
-20.000000 -6.000000 0.000000
20.000000 6.000000 0.000000
-20.000000 6.000000 0.000000
FIN_LISTE


37 
	 0.100000 	4.000000 	0.000000 	0.000000
	 0.100000 	4.000000 	16.000000 	0.000000
	 0.100000 	4.000000 	-16.000000 	0.000000
	 0.100000 	4.000000 	0.000000 	8.000000
	 0.100000 	4.000000 	0.000000 	-8.000000
	 0.100000 	4.000000 	8.000000 	4.000000
	 0.100000 	4.000000 	8.000000 	-4.000000
	 0.100000 	4.000000 	-8.000000 	4.000000
	 0.100000 	4.000000 	-8.000000 	-4.000000
	 
	0.100000	0.300000 	0.500000 	-13.750000
	0.100000	0.300000 	-0.500000 	-13.750000
	0.100000	0.300000 	0.500000 	13.750000
	0.100000	0.300000 	-0.500000 	13.750000
	0.100000	0.300000 	3.500000 	-12.250000
	0.100000	0.300000 	-3.500000 	-12.250000
	0.100000	0.300000 	3.500000 	12.250000
	0.100000	0.300000 	-3.500000 	12.250000
	0.100000	0.300000 	6.500000 	-10.750000
	0.100000	0.300000 	-6.500000 	-10.750000
	0.100000	0.300000 	6.500000 	10.750000
	0.100000	0.300000 	-6.500000 	10.750000
	0.100000	0.300000 	9.500000 	-9.250000
	0.100000	0.300000 	-9.500000 	-9.250000
	0.100000	0.300000 	9.500000 	9.250000
	0.100000	0.300000 	-9.500000 	9.250000
	0.100000	0.300000 	12.500000 	-7.750000
	0.100000	0.300000 	-12.500000 	-7.750000
	0.100000	0.300000 	12.500000 	7.750000
	0.100000	0.300000 	-12.500000 	7.750000
	0.100000	0.300000 	15.500000 	-6.250000
	0.100000	0.300000 	-15.500000 	-6.250000
	0.100000	0.300000 	15.500000 	6.250000
	0.100000	0.300000 	-15.500000 	6.250000
	0.100000	0.300000 	18.500000 	-4.750000
	0.100000	0.300000 	-18.500000 	-4.750000
	0.100000	0.300000 	18.500000 	4.750000
	0.100000	0.300000 	-18.500000 	4.750000
FIN_LISTE
