# output file from the vacum cleaner simulator
	1 0.00000
	2 0.00000
	3 0.99010
	4 0.99010
	5 0.99010
	6 1.96078
	7 4.80769
	8 6.60377
	9 8.33333
	10 10.09174
	11 11.71171
	12 12.50000
	13 13.27434
	14 14.03509
	15 14.78261
	16 14.78261
	17 15.51724
	18 16.23932
	19 18.48739
	20 19.16667
	21 21.31148
	22 22.13115
	23 22.76423
	24 24.00000
	25 24.00000
	26 24.00000
	27 24.60317
	28 25.19685
	29 25.19685
	30 25.19685
	31 25.19685
	32 26.35659
	33 27.48092
	34 28.78788
	35 28.78788
	36 29.32331
	37 29.32331
	38 30.37037
	39 31.61765
	40 32.11679
	41 33.09353
	42 33.57143
	43 33.57143
	44 34.04255
	45 34.75177
	46 34.75177
	47 34.75177
	48 35.21127
	49 35.21127
	50 35.21127
	51 35.91549
	52 35.91549
	53 36.61972
	54 37.06294
	55 37.93103
	56 37.93103
	57 37.93103
	58 38.35616
	59 38.35616
	60 38.35616
	61 39.04110
	62 39.45578
	63 39.45578
	64 39.45578
	65 39.45578
	66 40.26846
	67 40.66667
	68 41.22517
	69 41.22517
	70 41.22517
	71 41.22517
	72 41.39073
	73 42.15686
	74 42.15686
	75 42.53247
	76 42.53247
	77 42.53247
	78 42.53247
	79 42.53247
	80 42.53247
	81 42.53247
	82 42.90323
	83 42.90323
	84 42.90323
	85 43.06452
	86 43.42949
	87 43.78981
	88 43.78981
	89 43.78981
	90 44.84375
	91 44.84375
	92 44.84375
	93 45.80745
	94 45.80745
	95 45.80745
	96 45.80745
	97 45.80745
	98 45.80745
	99 45.80745
	100 45.80745
	101 46.42857
	102 46.58385
	103 46.58385
	104 46.58385
	105 46.58385
	106 46.58385
	107 46.58385
	108 46.58385
	109 46.58385
	110 46.58385
	111 46.58385
	112 46.58385
	113 46.58385
	114 46.58385
	115 46.58385
	116 46.58385
	117 46.58385
	118 46.58385
	119 46.58385
	120 46.73913
	121 46.73913
	122 46.89441
	123 46.89441
	124 46.89441
	125 46.89441
	126 46.89441
	127 46.89441
	128 46.89441
	129 46.89441
	130 46.89441
	131 47.04969
	132 47.04969
	133 47.67081
	134 47.82609
	135 47.98137
	136 48.30247
	137 48.30247
	138 48.30247
	139 48.30247
	140 48.30247
	141 48.91975
	142 48.91975
	143 48.91975
	144 48.91975
	145 48.91975
	146 48.91975
	147 48.91975
	148 48.91975
	149 48.91975
	150 48.91975
	151 48.91975
	152 48.91975
	153 48.91975
	154 48.91975
	155 48.91975
	156 48.91975
	157 48.91975
	158 48.91975
	159 48.91975
	160 48.91975
	161 49.07407
	162 49.84568
	163 49.84568
	164 49.84568
	165 50.00000
	166 50.00000
	167 50.00000
	168 50.15432
	169 50.15432
	170 50.15432
	171 50.46296
	172 50.46296
	173 50.46296
	174 50.61728
	175 50.61728
	176 50.61728
	177 50.61728
	178 50.61728
	179 50.61728
	180 50.77160
	181 50.77160
	182 51.38889
	183 51.38889
	184 51.38889
	185 51.38889
	186 51.38889
	187 51.38889
	188 51.38889
	189 51.38889
	190 51.38889
	191 51.38889
	192 51.38889
	193 51.38889
	194 51.38889
	195 51.38889
	196 51.38889
	197 51.38889
	198 51.38889
	199 52.00617
	200 52.16049
	201 52.31481
	202 52.31481
	203 52.31481
	204 52.31481
	205 52.93210
	206 52.93210
	207 52.93210
	208 53.24074
	209 53.24074
	210 53.24074
	211 53.24074
	212 53.24074
	213 53.24074
	214 53.39506
	215 53.39506
	216 53.39506
	217 53.39506
	218 53.39506
	219 53.39506
	220 53.39506
	221 53.39506
	222 53.70370
	223 54.32099
	224 54.93827
	225 54.93827
	226 54.93827
	227 54.93827
	228 54.93827
	229 55.09259
	230 55.09259
	231 55.09259
	232 55.09259
	233 55.09259
	234 55.09259
	235 55.09259
	236 55.24691
	237 55.24691
	238 55.24691
	239 55.24691
	240 55.24691
	241 55.86420
	242 55.86420
	243 56.01852
	244 56.01852
	245 56.01852
	246 56.01852
	247 56.63580
	248 56.63580
	249 56.63580
	250 56.79012
	251 56.79012
	252 56.79012
	253 56.94444
	254 56.94444
	255 56.94444
	256 56.94444
	257 57.09877
	258 57.09877
	259 57.25309
	260 57.87037
	261 57.87037
	262 57.87037
	263 57.87037
	264 57.87037
	265 57.87037
	266 57.87037
	267 57.87037
	268 58.48765
	269 58.48765
	270 58.48765
	271 58.48765
	272 58.64198
	273 58.64198
	274 58.64198
	275 58.79630
	276 58.79630
	277 58.79630
	278 58.79630
	279 58.79630
	280 59.41358
	281 59.41358
	282 59.56790
	283 59.72222
	284 59.72222
	285 59.72222
	286 59.72222
	287 59.72222
	288 59.87654
	289 59.87654
	290 59.87654
	291 59.87654
	292 60.49383
	293 61.11111
	294 61.11111
	295 61.26543
	296 61.26543
	297 61.26543
	298 61.26543
	299 61.26543
	300 61.26543
	301 61.26543
	302 61.26543
	303 61.26543
	304 61.26543
	305 61.26543
	306 61.26543
	307 61.26543
	308 61.26543
	309 62.65432
	310 62.65432
	311 62.65432
	312 62.65432
	313 62.65432
	314 62.65432
	315 62.80864
	316 62.80864
	317 63.42593
	318 63.58025
	319 63.58025
	320 63.58025
	321 63.58025
	322 63.58025
	323 63.58025
	324 63.73457
	325 63.73457
	326 63.88889
	327 63.88889
	328 63.88889
	329 63.88889
	330 63.88889
	331 63.88889
	332 64.04321
	333 64.04321
	334 64.04321
	335 64.19753
	336 64.19753
	337 64.19753
	338 64.19753
	339 64.19753
	340 64.19753
	341 64.19753
	342 64.19753
	343 64.19753
	344 64.19753
	345 64.19753
	346 64.35185
	347 64.50617
	348 64.50617
	349 64.50617
	350 64.50617
	351 64.50617
	352 64.50617
	353 64.50617
	354 64.50617
	355 64.50617
	356 65.12346
	357 65.27778
	358 65.43210
	359 65.43210
	360 65.43210
	361 65.43210
	362 65.43210
	363 65.58642
	364 65.74074
	365 65.74074
	366 65.89506
	367 65.89506
	368 65.89506
	369 65.89506
	370 65.89506
	371 65.89506
	372 66.04938
	373 66.04938
	374 66.04938
	375 66.04938
	376 66.04938
	377 66.20370
	378 66.35802
	379 66.35802
	380 66.35802
	381 66.51235
	382 66.51235
	383 66.51235
	384 66.51235
	385 66.66667
	386 66.66667
	387 66.82099
	388 66.82099
	389 66.82099
	390 66.97531
	391 67.12963
	392 67.12963
	393 67.12963
	394 67.12963
	395 67.28395
	396 67.28395
	397 67.43827
	398 67.43827
	399 67.43827
	400 67.43827
	401 67.43827
	402 67.43827
	403 67.43827
	404 67.43827
	405 67.59259
	406 67.74691
	407 67.90123
	408 67.90123
	409 67.90123
	410 67.90123
	411 68.05556
	412 68.05556
	413 68.05556
	414 68.20988
	415 68.20988
	416 68.20988
	417 68.20988
	418 68.20988
	419 68.20988
	420 68.36420
	421 68.51852
	422 68.82716
	423 68.82716
	424 68.82716
	425 68.82716
	426 68.82716
	427 68.98148
	428 69.13580
	429 69.13580
	430 69.13580
	431 69.44444
	432 69.44444
	433 69.59877
	434 69.59877
	435 69.59877
	436 69.59877
	437 69.59877
	438 69.59877
	439 69.59877
	440 69.59877
	441 69.90741
	442 69.90741
	443 69.90741
	444 70.06173
	445 70.06173
	446 70.06173
	447 70.06173
	448 70.06173
	449 70.06173
	450 70.06173
	451 70.06173
	452 70.06173
	453 70.06173
	454 70.21605
	455 70.37037
	456 70.37037
	457 70.37037
	458 70.37037
	459 70.52469
	460 70.52469
	461 70.67901
	462 70.67901
	463 70.67901
	464 70.67901
	465 70.67901
	466 70.67901
	467 70.83333
	468 71.14198
	469 71.14198
	470 71.14198
	471 71.14198
	472 71.14198
	473 71.14198
	474 71.29630
	475 71.45062
	476 71.60494
	477 71.60494
	478 71.60494
	479 71.60494
	480 71.60494
	481 71.75926
	482 71.75926
	483 71.75926
	484 71.91358
	485 71.91358
	486 72.06790
	487 72.06790
	488 72.22222
	489 72.22222
	490 72.22222
	491 72.37654
	492 72.37654
	493 72.37654
	494 72.37654
	495 72.37654
	496 72.68519
	497 72.68519
	498 72.68519
	499 72.83951
	500 72.83951
	501 72.83951
	502 72.83951
	503 72.83951
	504 72.83951
	505 72.83951
	506 72.99383
	507 73.14815
	508 73.30247
	509 73.30247
	510 73.30247
	511 73.30247
	512 73.30247
	513 73.45679
	514 73.61111
	515 73.76543
	516 73.76543
	517 73.91975
	518 73.91975
	519 73.91975
	520 73.91975
	521 73.91975
	522 74.07407
	523 74.07407
	524 74.22840
	525 74.22840
	526 74.22840
	527 74.22840
	528 74.22840
	529 74.38272
	530 74.38272
	531 74.38272
	532 74.38272
	533 74.38272
	534 74.38272
	535 74.38272
	536 74.53704
	537 74.53704
	538 74.53704
	539 74.69136
	540 74.84568
	541 74.84568
	542 74.84568
	543 74.84568
	544 74.84568
	545 74.84568
	546 75.00000
	547 75.15432
	548 75.46296
	549 75.46296
	550 75.46296
	551 75.46296
	552 75.46296
	553 75.46296
	554 75.61728
	555 75.61728
	556 75.61728
	557 75.77160
	558 75.92593
	559 75.92593
	560 75.92593
	561 75.92593
	562 76.08025
	563 76.08025
	564 76.08025
	565 76.23457
	566 76.23457
	567 76.23457
	568 76.23457
	569 76.23457
	570 76.23457
	571 76.38889
	572 76.54321
	573 76.54321
	574 76.54321
	575 76.54321
	576 76.54321
	577 76.85185
	578 76.85185
	579 76.85185
	580 76.85185
	581 76.85185
	582 77.00617
	583 77.00617
	584 77.16049
	585 77.46914
	586 77.46914
	587 77.46914
	588 77.46914
	589 77.62346
	590 77.62346
	591 77.62346
	592 77.62346
	593 77.77778
	594 77.77778
	595 77.77778
	596 77.93210
	597 78.08642
	598 78.08642
	599 78.08642
	600 78.08642
	601 78.08642
	602 78.08642
	603 78.08642
	604 78.24074
	605 78.24074
	606 78.39506
	607 78.39506
	608 78.39506
	609 78.54938
	610 78.54938
	611 78.54938
	612 78.70370
	613 78.85802
	614 78.85802
	615 78.85802
	616 78.85802
	617 79.01235
	618 79.16667
	619 79.32099
	620 79.32099
	621 79.47531
	622 79.47531
	623 79.47531
	624 79.62963
	625 79.62963
	626 79.78395
	627 79.78395
	628 79.78395
	629 79.78395
	630 79.78395
	631 79.78395
	632 79.78395
	633 79.78395
	634 79.78395
	635 79.93827
	636 79.93827
	637 80.09259
	638 80.09259
	639 80.09259
	640 80.09259
	641 80.09259
	642 80.09259
	643 80.24691
	644 81.01852
	645 81.01852
	646 81.01852
	647 81.17284
	648 81.17284
	649 81.17284
	650 81.17284
	651 81.17284
	652 81.17284
	653 81.32716
	654 81.32716
	655 81.32716
	656 81.32716
	657 81.32716
	658 81.48148
	659 81.63580
	660 81.63580
	661 81.63580
	662 81.63580
	663 81.63580
	664 81.63580
	665 81.63580
	666 81.63580
	667 81.63580
	668 81.63580
	669 81.94444
	670 81.94444
	671 81.94444
	672 81.94444
	673 81.94444
	674 81.94444
	675 82.09877
	676 82.09877
	677 82.09877
	678 82.25309
	679 82.25309
	680 82.25309
	681 82.25309
	682 82.40741
	683 82.40741
	684 82.56173
	685 82.56173
	686 82.56173
	687 82.56173
	688 82.56173
	689 82.56173
	690 82.71605
	691 82.71605
	692 82.71605
	693 82.71605
	694 82.71605
	695 82.71605
	696 82.71605
	697 82.71605
	698 82.71605
	699 82.71605
	700 82.71605
	701 82.71605
	702 82.71605
	703 82.71605
	704 82.71605
	705 82.87037
	706 82.87037
	707 82.87037
	708 82.87037
	709 82.87037
	710 82.87037
	711 83.64198
	712 83.64198
	713 83.64198
	714 83.79630
	715 83.79630
	716 83.79630
	717 83.95062
	718 84.10494
	719 84.10494
	720 84.10494
	721 84.25926
	722 84.25926
	723 84.25926
	724 84.87654
	725 84.87654
	726 84.87654
	727 84.87654
	728 85.18519
	729 85.18519
	730 85.18519
	731 85.18519
	732 85.33951
	733 85.33951
	734 85.33951
	735 85.33951
	736 85.33951
	737 85.33951
	738 85.33951
	739 85.49383
	740 85.64815
	741 85.80247
	742 85.80247
	743 85.80247
	744 86.41975
	745 86.41975
	746 86.41975
	747 86.41975
	748 86.57407
	749 86.57407
	750 86.57407
	751 86.57407
	752 86.72840
	753 86.72840
	754 86.72840
	755 86.72840
	756 87.34568
	757 87.50000
	758 87.50000
	759 87.50000
	760 87.50000
	761 87.65432
	762 87.65432
	763 87.65432
	764 87.65432
	765 87.65432
	766 87.65432
	767 87.65432
	768 87.65432
	769 87.65432
	770 87.65432
	771 87.80864
	772 87.80864
	773 88.11728
	774 88.11728
	775 88.11728
	776 88.11728
	777 88.11728
	778 88.27160
	779 88.42593
	780 88.42593
	781 88.42593
	782 88.58025
	783 88.58025
	784 88.58025
	785 88.88889
	786 88.88889
	787 88.88889
	788 88.88889
	789 88.88889
	790 88.88889
	791 88.88889
	792 88.88889
	793 89.19753
	794 89.19753
	795 89.19753
	796 89.19753
	797 89.19753
	798 89.19753
	799 89.35185
	800 89.96914
	801 89.96914
	802 89.96914
	803 89.96914
	804 89.96914
	805 89.96914
	806 89.96914
	807 89.96914
	808 90.27778
	809 90.27778
	810 90.27778
	811 90.27778
	812 90.27778
	813 90.27778
	814 90.27778
	815 90.27778
	816 90.27778
	817 90.58642
	818 90.58642
	819 90.58642
	820 90.58642
	821 90.58642
	822 90.58642
	823 90.58642
	824 90.58642
	825 90.58642
	826 90.58642
	827 90.89506
	828 90.89506
	829 90.89506
	830 90.89506
	831 91.04938
	832 91.04938
	833 91.20370
	834 91.35802
	835 91.35802
	836 91.35802
	837 91.35802
	838 91.35802
	839 91.35802
	840 91.35802
	841 91.51235
	842 91.66667
	843 91.66667
	844 91.66667
	845 91.66667
	846 91.82099
	847 91.82099
	848 91.82099
	849 91.82099
	850 91.82099
	851 91.82099
	852 91.82099
	853 91.82099
	854 91.82099
	855 91.82099
	856 91.97531
	857 92.12963
	858 92.12963
	859 92.12963
	860 92.28395
	861 92.28395
	862 92.28395
	863 92.43827
	864 92.43827
	865 92.43827
	866 92.43827
	867 92.43827
	868 92.59259
	869 92.59259
	870 92.74691
	871 92.74691
	872 92.74691
	873 92.74691
	874 92.74691
	875 92.90123
	876 92.90123
	877 93.05556
	878 93.20988
	879 93.20988
	880 93.20988
	881 93.20988
	882 93.20988
	883 93.20988
	884 93.51852
	885 93.51852
	886 93.51852
	887 93.51852
	888 93.67284
	889 93.67284
	890 93.67284
	891 93.82716
	892 93.82716
	893 93.82716
	894 93.82716
	895 93.82716
	896 93.82716
	897 93.82716
	898 93.82716
	899 93.98148
	900 93.98148
	901 94.13580
	902 94.13580
	903 94.13580
	904 94.13580
	905 94.13580
	906 94.29012
	907 94.44444
	908 94.44444
	909 94.59877
	910 94.59877
	911 94.75309
	912 94.75309
	913 94.75309
	914 94.75309
	915 94.75309
	916 94.90741
	917 94.90741
	918 94.90741
	919 95.37037
	920 95.37037
	921 95.37037
	922 95.37037
	923 95.37037
	924 95.37037
	925 95.37037
	926 95.52469
	927 95.67901
	928 95.67901
	929 95.67901
	930 95.67901
	931 95.83333
	932 95.83333
	933 95.83333
	934 95.83333
	935 95.83333
	936 95.83333
	937 95.83333
	938 95.83333
	939 95.83333
	940 95.83333
	941 95.83333
	942 95.83333
	943 95.98765
	944 95.98765
	945 95.98765
	946 95.98765
	947 95.98765
	948 95.98765
	949 96.14198
	950 96.14198
	951 96.14198
	952 96.14198
	953 96.14198
	954 96.14198
	955 96.29630
	956 96.29630
	957 96.29630
	958 96.29630
	959 96.29630
	960 96.29630
	961 96.29630
	962 96.29630
	963 96.29630
	964 96.29630
	965 96.29630
	966 96.29630
	967 96.29630
	968 96.29630
	969 96.29630
	970 96.45062
	971 96.45062
	972 96.45062
	973 96.45062
	974 96.60494
	975 96.60494
	976 96.60494
	977 96.60494
	978 96.60494
	979 96.60494
	980 96.75926
	981 96.75926
	982 96.75926
	983 96.75926
	984 96.91358
	985 96.91358
	986 96.91358
	987 96.91358
	988 96.91358
	989 96.91358
	990 96.91358
	991 97.06790
	992 97.06790
	993 97.06790
	994 97.06790
	995 97.06790
	996 97.06790
	997 97.06790
	998 97.06790
	999 97.06790
	1000 97.06790
	1001 97.37654
	1002 97.37654
	1003 97.37654
	1004 97.37654
	1005 97.37654
	1006 97.37654
	1007 97.37654
	1008 97.37654
	1009 97.37654
	1010 97.37654
	1011 97.53086
	1012 97.53086
	1013 97.53086
	1014 97.53086
	1015 97.53086
	1016 97.53086
	1017 97.53086
	1018 97.53086
	1019 97.53086
	1020 97.53086
	1021 97.53086
	1022 97.53086
	1023 97.68519
	1024 97.68519
	1025 97.68519
	1026 97.83951
	1027 97.83951
	1028 97.83951
	1029 97.99383
	1030 98.14815
	1031 98.14815
	1032 98.14815
	1033 98.14815
	1034 98.14815
	1035 98.14815
	1036 98.30247
	1037 98.30247
	1038 98.30247
	1039 98.30247
	1040 98.30247
	1041 98.45679
	1042 98.45679
	1043 98.45679
	1044 98.45679
	1045 98.76543
	1046 98.76543
	1047 98.76543
	1048 98.76543
	1049 98.76543
	1050 98.76543
	1051 98.76543
	1052 98.76543
	1053 98.91975
	1054 98.91975
	1055 99.07407
	1056 99.07407
	1057 99.07407
	1058 99.07407
	1059 99.07407
	1060 99.07407
	1061 99.22840
	1062 99.22840
	1063 99.22840
	1064 99.38272
	1065 99.53704
	1066 99.53704
	1067 99.53704
	1068 99.53704
	1069 99.53704
	1070 99.53704
	1071 99.53704
	1072 99.53704
	1073 99.69136
	1074 99.84568
	1075 99.84568
