# "salut.txt" computer generated save file

56
	 8.91701 -15.12821 2.34225
	 4.95050 -16.89523 1.14153
	 4.02748 -18.66411 1.12534
	 1.38851 -17.44536 0.69916
	 -1.28426 -15.38664 0.29715
	 0.31156 -18.03050 0.66938
	 -2.18989 -14.96258 0.22410
	 11.89291 -15.47694 2.67871
	 4.18228 -15.02075 0.68184
	 1.43512 -16.37946 0.57525
	 1.43865 -15.01909 0.37503
	 -9.48243 -16.22839 0.20080
	 0.43948 -15.05963 0.32589
	 -2.99539 -14.36997 0.14737
	 -4.90874 -14.63088 0.14543
	 9.89954 -15.31430 2.48861
	 -0.71608 -17.80431 0.57807
	 -14.89162 -16.42412 0.16036
	 2.50661 -15.98105 0.62265
	 9.06816 -17.18090 2.06548
	 -11.24523 -16.39730 0.19066
	 -0.50463 -16.82692 0.49282
	 7.12402 -16.82907 1.66115
	 7.95163 -14.86737 2.11630
	 3.47700 -15.73952 0.70804
	 4.76174 -13.85998 0.43764
	 10.89603 -15.39812 2.60080
	 13.88763 -15.62218 2.77880
	 -10.40816 -15.85020 0.16893
	 -12.24522 -16.40283 0.18114
	 3.94477 -16.91057 0.95471
	 -8.48357 -16.27606 0.21655
	 -6.64840 -15.59373 0.19666
	 -0.51186 -14.75149 0.24636
	 6.11084 -14.50418 1.17646
	 8.12376 -16.85209 1.90242
	 -13.89259 -16.46808 0.17004
	 -3.98723 -14.24253 0.12230
	 0.47166 -17.04340 0.57963
	 6.19284 -16.46452 1.40939
	 2.25683 -16.94936 0.72879
	 7.28690 -12.59455 -2.57926
	 4.50153 -16.00168 0.93621
	 5.16177 -14.81924 0.86811
	 5.72252 -13.58266 0.56386
	 -3.49700 -15.23506 0.22175
	 6.97295 -15.01090 1.66761
	 12.89028 -15.54950 2.73585
	 -7.49487 -16.12616 0.22106
	 6.31067 -12.77391 -0.30869
	 -13.09131 -15.86979 0.14742
	 -5.72634 -15.20667 0.18096
	 2.38428 -14.69382 0.38428
	 4.55024 -17.81163 1.14479
	 3.35596 -14.45754 0.42308
	 5.47414 -15.76920 1.14392
FIN_LISTE

1
 1 1 0 0
FIN_LISTE

