# "save.txt" computer generated save file

56
	 -7.26466 3.14084 0.87416
	 5.66521 3.04603 -2.60933
	 -5.32449 -8.60076 -0.81795
	 8.27186 -2.39796 2.99261
	 -17.33559 4.36656 -0.68690
	 8.02568 4.88578 -2.54664
	 -4.37946 -8.92774 -0.89332
	 6.08020 -1.62655 3.02203
	 -16.35400 4.82565 -0.71442
	 10.34755 6.13189 -1.20003
	 -3.40601 -8.65745 -1.05224
	 7.35176 -2.78963 2.91823
	 -9.39343 2.99093 0.80703
	 6.94699 4.71507 -2.47197
	 -3.42420 -9.79541 -0.93408
	 8.69565 -3.30372 2.91461
	 -10.48836 3.45642 0.85605
	 6.92093 5.71473 -2.34523
	 -4.45292 -7.93044 -0.97413
	 6.51070 -3.33058 2.69044
	 -11.56723 3.92929 -1.13501
	 3.56640 3.06846 -2.15961
	 -2.42486 -8.17291 -1.23846
	 5.83948 -2.58932 2.83300
	 -9.81298 4.19390 -1.08081
	 6.30106 3.81784 -2.52296
	 -2.44924 -10.24630 -1.06310
	 5.08580 -1.73219 2.87074
	 -8.06612 3.90906 -1.09719
	 3.89640 4.07722 -2.55854
	 -2.50807 -9.24804 -1.15124
	 4.78578 -2.79082 2.50119
	 -11.90740 5.02497 -0.95814
	 7.25023 3.50308 -2.70109
	 -0.20833 -3.40500 -1.52699
	 4.13237 -2.03381 2.56596
	 -10.39048 5.54540 -0.90524
	 4.56640 3.06903 -2.44332
	 -1.45981 -11.41935 -1.18014
	 5.59349 -4.61897 2.29858
	 -10.95503 4.72000 -1.02089
	 2.71905 2.24181 -2.05532
	 -1.40530 -10.42084 -1.30528
	 5.15585 -3.71982 2.36763
	 -8.86197 4.51455 -1.02941
	 0.58676 12.95472 -3.10645
	 -0.96632 -12.49487 -1.21507
	 3.10962 -1.90929 2.25561
	 -7.98900 5.00624 -0.97603
	 1.25768 4.54960 -1.69550
	 -0.92422 -7.08078 -1.50730
	 3.72458 -1.12073 3.03330
	 -9.30319 5.41195 -0.90689
	 0.72955 11.96497 -3.08443
	 -1.27560 -8.18534 -1.43229
	 1.65439 -1.93644 1.06041
FIN_LISTE

10
	 0.00625 0.68625 2.34305 -0.97055
	 0.00625 0.68625 0.97055 -0.97055
	 0.00625 0.68625 0.97055 2.34305
	 0.00625 0.68625 2.34305 0.97055
	 0.00625 0.68625 0.97055 0.97055
	 0.10000 0.30000 0.50000 -13.75000
	 0.10000 0.30000 -0.50000 -13.75000
	 0.10000 0.30000 3.50000 -12.25000
	 0.10000 0.30000 18.50000 -4.75000
	 0.10000 0.30000 18.50000 4.75000
FIN_LISTE

